x <- 2 
y <- 3 
z <- 4 
k < -5